
Failure (%)
                     Level                      |           1            |           5            |            10            |             50             |             100             |             500             |             1000            
----------------------------------------------------------------------------------------------------------------------------------------------------------------------------------------------------------------------------------------------------
1_monolithic                                    |   0.000 (  0.000) [10] |   0.000 (  0.000) [10] |     0.000 (  0.000) [10] |     4.400 (    3.878) [10] |     10.100 (    4.742) [10] |     68.140 (    2.282) [10] |     46.240 (     6.642) [10]
2_microservices_medium_granularity              |   0.000 (  0.000) [10] |   0.000 (  0.000) [10] |     0.000 (  0.000) [10] |     6.000 (    5.797) [10] |     11.400 (    5.333) [10] |     56.380 (    6.741) [10] |     36.770 (    13.079) [10]
3_microservices_fine_granularity                |   0.000 (  0.000) [10] |   0.000 (  0.000) [10] |     0.000 (  0.000) [10] |     5.400 (    4.005) [10] |     12.200 (    5.653) [10] |     59.400 (    4.274) [10] |     37.640 (     4.796) [10]
4_microservices_medium_granularity_isolation    |   0.000 (  0.000) [10] |   0.000 (  0.000) [10] |     0.000 (  0.000) [10] |     8.000 (    5.060) [10] |     10.500 (    3.748) [10] |     48.480 (    3.015) [10] |      9.020 (     4.109) [10]
5_microservices_fine_granularity_isolation      |   0.000 (  0.000) [10] |   0.000 (  0.000) [10] |     0.000 (  0.000) [10] |     3.800 (    3.280) [10] |     10.500 (    5.296) [10] |     45.680 (    7.387) [10] |      8.950 (     6.614) [10]
6_microservices_fine_granularity_high_isolation |   0.000 (  0.000) [10] |   0.000 (  0.000) [10] |     0.000 (  0.000) [10] |     4.400 (    3.980) [10] |      6.400 (    4.737) [10] |     40.700 (    4.463) [10] |      2.010 (     3.588) [10]


Mean CPU (%)
                     Level                      |           1            |           5            |            10            |             50             |             100             |             500             |             1000            
----------------------------------------------------------------------------------------------------------------------------------------------------------------------------------------------------------------------------------------------------
1_monolithic                                    |   0.020 (  0.000) [10] |   0.944 (  2.769) [10] |     2.538 (  1.067) [10] |    26.461 (    8.005) [10] |     17.056 (   12.848) [10] |     36.883 (    4.344) [10] |     45.285 (     2.691) [10]
2_microservices_medium_granularity              |   0.727 (  2.004) [10] |   4.818 (  4.572) [10] |    38.777 (  6.437) [10] |    41.832 (    6.236) [10] |     45.422 (    3.554) [10] |     48.059 (    1.808) [10] |     48.800 (     0.655) [10]
3_microservices_fine_granularity                |   0.158 (  0.033) [10] |   8.458 (  4.522) [10] |    47.507 (  3.762) [10] |    44.513 (    4.711) [10] |     47.395 (    3.922) [10] |     46.418 (    2.164) [10] |     49.054 (     0.532) [10]
4_microservices_medium_granularity_isolation    |   0.092 (  0.015) [10] |   0.079 (  0.012) [10] |     2.490 (  1.960) [10] |   107.299 (   24.548) [10] |     81.637 (   12.196) [10] |    105.708 (    7.704) [10] |    117.241 (    17.003) [10]
5_microservices_fine_granularity_isolation      |   0.182 (  0.023) [10] |   0.190 (  0.015) [10] |     4.290 (  2.933) [10] |    93.973 (   33.690) [10] |     90.788 (   23.670) [10] |     98.549 (    9.645) [10] |    100.371 (    18.234) [10]
6_microservices_fine_granularity_high_isolation |   0.277 (  0.075) [10] |   0.535 (  0.829) [10] |     1.299 (  0.800) [10] |    89.670 (   33.853) [10] |    150.050 (   62.080) [10] |    211.520 (   50.621) [10] |    221.633 (    63.352) [10]


Mean response duration (ms)
                     Level                      |           1            |           5            |            10            |             50             |             100             |             500             |             1000            
----------------------------------------------------------------------------------------------------------------------------------------------------------------------------------------------------------------------------------------------------
1_monolithic                                    |  21.630 (  2.775) [10] | 388.166 (401.506) [10] |   385.809 ( 88.165) [10] | 1,563.021 (  249.044) [10] |  3,481.627 (2,370.039) [10] |  3,356.210 (  454.156) [10] | 12,496.290 ( 3,134.665) [10]
2_microservices_medium_granularity              | 174.379 (201.571) [10] | 987.619 (421.404) [10] | 1,272.295 (177.069) [10] | 7,465.452 (2,118.155) [10] | 11,855.214 (1,929.274) [10] | 16,923.523 (4,543.090) [10] | 63,845.741 (20,402.120) [10]
3_microservices_fine_granularity                | 114.938 ( 33.918) [10] | 994.775 (327.636) [10] | 1,622.598 (199.141) [10] | 8,053.518 (1,119.512) [10] | 13,490.413 (1,336.400) [10] | 17,584.161 (4,166.617) [10] | 70,078.459 (10,682.589) [10]
4_microservices_medium_granularity_isolation    | 139.283 (102.160) [10] | 355.465 (153.876) [10] |   622.005 (172.176) [10] | 2,149.639 (  463.513) [10] |  3,409.272 (  816.256) [10] |  7,754.145 (1,198.489) [10] | 39,211.520 ( 5,941.726) [10]
5_microservices_fine_granularity_isolation      | 111.364 ( 66.834) [10] | 374.136 (109.476) [10] |   696.662 ( 92.513) [10] | 2,969.881 (  770.578) [10] |  5,046.745 (1,162.503) [10] | 11,648.944 (3,666.872) [10] | 56,830.198 (12,690.305) [10]
6_microservices_fine_granularity_high_isolation | 132.115 ( 70.369) [10] | 379.283 (313.708) [10] |   437.175 ( 78.365) [10] | 1,523.035 (  214.420) [10] |  2,459.403 (  628.519) [10] |  5,482.841 (  324.095) [10] | 26,017.123 ( 4,699.485) [10]

